Eren Değirmenci G181210017 100 100 100 100 5 5 30 60
Berkay Çete G181210020 100 50 60 30 5 5 30 60
Berk Akalın G181210001 MU
Rami Meftun G181210099 DZ
Ali Vefa G181210036 36 90 100 50 5 5 30 60
Sadık Tarık G292456100 55 78 96 31 5 5 30 60
Arda Güzel G569896741 32 65 87 29 5 5 30 60
Fatma Çelik G658975621 20 10 74 30 5 5 30 60
Fırat Kalkan G987456321 54 65 23 37 5 5 30 60
Bahar Kıl G147852369 51 26 84 75 5 5 30 60
Naime Kal G152625894 21 12 32 42 5 5 30 60
Fadime Madime G181628478 90 80 10 100 5 5 30 60
Hami Manolya G879987512 30 20 11 5 5 5 30 60
Çağrı Kuytu G123654741 100 50 54 65 5 5 5 30 60
Demir Kandemir G546789145 100 100 0 32 5 5 30 60 
Berk Keser G151245654 36 56 82 41 5 5 30 60
Lale Gül G32145879 95 78 64 32 5 5 30 60
Ferman Merman G698563214 54 87 63 25 5 5 30 60
Jale Top G158654789 30 30 30 30 5 5 30 60
Miray Nil G147546321 30 21 51 74 5 5 30 60
